002653 
300049 
300058 
300067 
300076 
300085 
300094 
300139 
300148 
300157 
300166 
300175 
300184 
300193 
300229 
300238 
300247 
300256 
300265 
300274 
300283 
600019 
600028 
600037 
600055 
600064 
600073 
600082 
600091 
600109 
600118 
600127 
600136 
600145 
600163 
600172 
600190 
600208 
600217 
600226 
600235 
600253 
600262 
600271 
600280 
600307 
600316 
600325 
002239 
002248 
002266 
002275 
002158 
002167 
002176 
002185 
002194 
002284 
002293 
002329 
002338 
002347 
002356 
002365 
002374 
002383 
002392 
002419 
002428 
002437 
002446 
002455 
002464 
002473 
002482 
002491 
002509 
002518 
002527 
002536 
002545 
002554 
002563 
002572 
002581 
002590 
002608 
002617 
002626 
002635 
002644 
600343 
600352 
600361 
600370 
000862 
000880 
000835 
000826 
000790 
000736 
000727 
000718 
000709 
000691 
000682 
000673 
000655 
000637 
000628 
000619 
000592 
601801 
000565 
000547 
000538 
000529 
000088 
601009 
601018 
601117 
601126 
601216 
601333 
600406 
600415 
600433 
600460 
600505 
600523 
600532 
600550 
600604 
600613 
600622 
600640 
600703 
600712 
600721 
600730 
600802 
600811 
600820 
000916 
000925 
000952 
000961 
000970 
002059 
002068 
002077 
002086 
002095 
002149 
